image_width: 640
image_height: 480
camera_name: narrow_stereo/left
camera_matrix:
  rows: 3
  cols: 3
  data: [475.15381,   0.     , 307.28338,
           0.     , 476.01196, 254.19255,
           0.     ,   0.     ,   1.     ]
distortion_model: plumb_bob
distortion_coefficients:
  rows: 1
  cols: 5
  data: [-0.415593, 0.145579, 0.000528, 0.003172, 0.000000]
rectification_matrix:
  rows: 3
  cols: 3
  data: [ 0.9999544 , -0.00182665, -0.00937323,
          0.00182442,  0.99999831, -0.00024639,
          0.00937367,  0.00022928,  0.99995604]
projection_matrix:
  rows: 3
  cols: 4
  data: [422.36298,   0.     , 319.70084,   0.     ,
           0.     , 422.36298, 257.04803,   0.     ,
           0.     ,   0.     ,   1.     ,   0.     ]
