# oST version 5.0 parameters


[image]

width
640

height
480

[narrow_stereo/left]

camera matrix
475.153813 0.000000 307.283382
0.000000 476.011960 254.192550
0.000000 0.000000 1.000000

distortion
-0.415593 0.145579 0.000528 0.003172 0.000000

rectification
0.999954 -0.001827 -0.009373
0.001824 0.999998 -0.000246
0.009374 0.000229 0.999956

projection
422.362979 0.000000 319.700836 0.000000
0.000000 422.362979 257.048027 0.000000
0.000000 0.000000 1.000000 0.000000
# oST version 5.0 parameters


[image]

width
640

height
480

[narrow_stereo/right]

camera matrix
473.558692 0.000000 314.864438
0.000000 473.840579 250.439816
0.000000 0.000000 1.000000

distortion
-0.437334 0.221792 0.000258 0.003002 0.000000

rectification
0.999990 0.000211 -0.004438
-0.000210 1.000000 0.000238
0.004438 -0.000237 0.999990

projection
422.362979 0.000000 319.700836 -72.319972
0.000000 422.362979 257.048027 0.000000
0.000000 0.000000 1.000000 0.000000
