image_width: 640
image_height: 480
camera_name: narrow_stereo/right
camera_matrix:
  rows: 3
  cols: 3
  data: [473.55869,   0.     , 314.86444,
           0.     , 473.84058, 250.43982,
           0.     ,   0.     ,   1.     ]
distortion_model: plumb_bob
distortion_coefficients:
  rows: 1
  cols: 5
  data: [-0.437334, 0.221792, 0.000258, 0.003002, 0.000000]
rectification_matrix:
  rows: 3
  cols: 3
  data: [ 0.99999013,  0.00021135, -0.0044383 ,
         -0.0002103 ,  0.99999995,  0.0002383 ,
          0.00443835, -0.00023737,  0.99999012]
projection_matrix:
  rows: 3
  cols: 4
  data: [422.36298,   0.     , 319.70084, -72.31997,
           0.     , 422.36298, 257.04803,   0.     ,
           0.     ,   0.     ,   1.     ,   0.     ]
